345110
345076
345075
345071
344958
344913
344909
344908
344879
344841
344838
344829
344314
344313
344312
344310
344308
344307
344306
344305
344304
344303
344299
344265
344264
344262
344261
344260
344117
344042
344040
344039
344013
344012
344011
343996
343986
343985
343984
343983
343982
343981
343980
343979
343977
343976
343975
343974
343973
343966
343972
343965
343964
343963
343962
343961
341747
343960
341745
343959
343957
341736
343956
341668
343955
341667
343849
341666
341665
341664
341663
343848
341662
343839
341661
343838
341658
343821
343820
343818
343816
343814
343813
343812
343811
343810
343809
341657
343805
341651
343804
341650
343757
341649
343756
341648
341647
343755
341644
343754
341639
343753
341635
343752
341634
343751
341633
343750
341630
341629
343749
341628
343748
341627
343745
341626
343743
341617
343742
341616
343741
341615
343740
341614
343739
341613
341612
343738
341611
343734
341610
341609
343733
341608
343732
341606
343731
341605
343729
341602
343726
341601
343649
343648
343647
343646
343645
343644
343641
343640
342821
343639
343638
343637
341600
343633
341599
343632
341498
343631
341497
343630
341491
343487
341490
341489
343427
341442
341440
343189
341428
343188
341427
343187
341354
343186
341352
343185
341283
343179
341282
343178
341197
343175
341183
343173
341194
343174
341193
343168
343161
341192
341191
343158
341190
343157
341189
343155
341182
341178
343154
341177
343153
341176
343150
341163
343149
341162
343148
341150
343147
341149
343064
341148
343061
341147
342976
341146
341145
342908
341144
341143
342907
341142
341141
341140
341076
341075
341065
341064
341063
341061
341060
342841
341059
341058
341023
341020
341019
341018
341017
341014
341004
341003
341001
340998
340997
342760
340996
340995
340994
340993
340992
340991
340988
340987
340986
342669
340985
342632
340975
340970
342580
340968
340967
342563
340960
342559
342557
342553
342552
342550
342547
342513
342512
342511
342484
342483
342482
342481
342480
342479
342334
342332
342321
342320
342319
342318
342317
342316
342315
342314
342313
342309
342308
342307
342302
342160
342159
342158
342157
342141
342140
342139
342138
342137
342136
342135
342132
342131
342130
342129
342122
342121
342118
342114
342112
342050
341937
341936
341806
341805
341803
341802
341801
341800
341754
341753
341752
341751
341750
341749
340605
343629
343628
343627
343625
343624
343623
343622
343578
343617
343616
343488
343245
343244
343217
343216
343215
343214
343213
343201
343190
340379
340378
340377
340376
340375
340374
340372
340306
340300
340298
340294
340292
340291
340279
340278
340277
340276
340275
340274
340241
340237
340227
340225
340195
340194
340192
340191
340190
340189
340188
340187
340186
340185
340184
340159
340158
340148
340147
340139
340115
340128
340127
340126
340125
340123
340122
340121
340120
340119
340118
340117
340114
340113
340112
340111
340109
340108
340105
340104
340070
340068
340067
340066
340065
340062
340060
340059
340058
340057
340056
340055
340054
340053
340051
340050
340049
340048
340959
340958
340047
340957
340046
340045
340919
340038
340877
340031
340876
340001
340872
340865
339991
340862
339993
340861
339990
340860
340859
339984
340858
340855
340854
340851
340850
340843
340842
339988
340733
339985
340732
340731
339978
340730
339977
340728
340727
339951
340726
340725
339779
340724
340722
339777
340721
339770
340719
339769
340718
340717
339728
340716
339765
340715
340714
339764
340713
339763
340712
339754
340710
340709
339753
340707
339679
340706
339750
340705
340704
339748
340703
339686
340702
340700
339631
340685
340683
340682
340679
340677
340675
340674
340673
340672
340671
340670
340665
340617
340607
340606
339630
340530
339629
340529
340527
339628
340525
339627
340522
339626
340521
339625
340520
339624
340518
339623
340412
339622
340410
339621
340409
339620
340408
339619
340407
339618
340406
340405
339617
340404
339616
340403
339615
340402
339613
340396
339612
340393
339611
340389
339610
340387
340385
339609
340384
339607
340383
339606
340381
340380
339605
339604
339602
339601
339600
339598
339597
339596
339595
339594
339593
339592
339588
339519
339518
339517
339502
339499
339498
339486
339485
339484
339455
339481
339479
339476
339475
339470
339285
339273
339272
339270
339256
339233
339232
339231
339230
339125
339121
339120
338462
